1.300000000000000000e+01
2.500000000000000000e+01
3.800000000000000000e+01
5.100000000000000000e+01
6.400000000000000000e+01
7.800000000000000000e+01
9.200000000000000000e+01
1.060000000000000000e+02
1.200000000000000000e+02
1.350000000000000000e+02
1.500000000000000000e+02
1.660000000000000000e+02
1.820000000000000000e+02
1.990000000000000000e+02
2.160000000000000000e+02
2.340000000000000000e+02
2.520000000000000000e+02
2.710000000000000000e+02
2.910000000000000000e+02
3.110000000000000000e+02
3.320000000000000000e+02
3.540000000000000000e+02
3.770000000000000000e+02
4.010000000000000000e+02
4.270000000000000000e+02
4.540000000000000000e+02
4.820000000000000000e+02
5.120000000000000000e+02
5.440000000000000000e+02
5.770000000000000000e+02
6.110000000000000000e+02
6.470000000000000000e+02
6.840000000000000000e+02
7.230000000000000000e+02
7.640000000000000000e+02
8.070000000000000000e+02
8.510000000000000000e+02
8.970000000000000000e+02
9.450000000000000000e+02
9.950000000000000000e+02
1.046000000000000000e+03
1.099000000000000000e+03
1.152000000000000000e+03
1.206000000000000000e+03
1.260000000000000000e+03
1.312000000000000000e+03
1.363000000000000000e+03
1.412000000000000000e+03
1.458000000000000000e+03
1.503000000000000000e+03
1.547000000000000000e+03
1.590000000000000000e+03
1.632000000000000000e+03
1.673000000000000000e+03
1.712000000000000000e+03
1.750000000000000000e+03
1.787000000000000000e+03
1.824000000000000000e+03
1.860000000000000000e+03
1.895000000000000000e+03
1.930000000000000000e+03
1.964000000000000000e+03
1.997000000000000000e+03
2.030000000000000000e+03
2.062000000000000000e+03
2.094000000000000000e+03
2.125000000000000000e+03
2.156000000000000000e+03
2.186000000000000000e+03
2.216000000000000000e+03
2.245000000000000000e+03
2.274000000000000000e+03
2.302000000000000000e+03
2.330000000000000000e+03
2.357000000000000000e+03
2.384000000000000000e+03
2.411000000000000000e+03
2.437000000000000000e+03
2.463000000000000000e+03
2.489000000000000000e+03
2.515000000000000000e+03
2.541000000000000000e+03
2.566000000000000000e+03
2.591000000000000000e+03
2.616000000000000000e+03
2.640000000000000000e+03
2.664000000000000000e+03
2.688000000000000000e+03
2.712000000000000000e+03
2.735000000000000000e+03
2.758000000000000000e+03
2.781000000000000000e+03
2.804000000000000000e+03
2.827000000000000000e+03
2.850000000000000000e+03
2.873000000000000000e+03
2.895000000000000000e+03
2.917000000000000000e+03
2.939000000000000000e+03
2.961000000000000000e+03
2.983000000000000000e+03
3.005000000000000000e+03
3.027000000000000000e+03
3.049000000000000000e+03
3.071000000000000000e+03
3.093000000000000000e+03
3.115000000000000000e+03
3.136000000000000000e+03
3.157000000000000000e+03
3.178000000000000000e+03
3.199000000000000000e+03
3.220000000000000000e+03
3.241000000000000000e+03
3.262000000000000000e+03
3.283000000000000000e+03
3.304000000000000000e+03
3.325000000000000000e+03
3.346000000000000000e+03
3.367000000000000000e+03
3.388000000000000000e+03
3.409000000000000000e+03
3.430000000000000000e+03
3.451000000000000000e+03
3.472000000000000000e+03
3.493000000000000000e+03
3.514000000000000000e+03
3.535000000000000000e+03
3.556000000000000000e+03
3.577000000000000000e+03
3.598000000000000000e+03
3.619000000000000000e+03
3.640000000000000000e+03
3.661000000000000000e+03
3.682000000000000000e+03
3.703000000000000000e+03
3.724000000000000000e+03
3.745000000000000000e+03
3.766000000000000000e+03
3.787000000000000000e+03
3.808000000000000000e+03
3.829000000000000000e+03
3.850000000000000000e+03
3.871000000000000000e+03
3.892000000000000000e+03
3.913000000000000000e+03
3.934000000000000000e+03
3.955000000000000000e+03
3.976000000000000000e+03
3.997000000000000000e+03
4.017000000000000000e+03
4.038000000000000000e+03
4.059000000000000000e+03
4.080000000000000000e+03
4.101000000000000000e+03
4.121000000000000000e+03
4.142000000000000000e+03
4.163000000000000000e+03
4.184000000000000000e+03
4.205000000000000000e+03
4.225000000000000000e+03
4.246000000000000000e+03
4.267000000000000000e+03
4.288000000000000000e+03
4.309000000000000000e+03
4.330000000000000000e+03
4.351000000000000000e+03
4.372000000000000000e+03
4.393000000000000000e+03
4.414000000000000000e+03
4.435000000000000000e+03
4.456000000000000000e+03
4.477000000000000000e+03
4.498000000000000000e+03
4.520000000000000000e+03
4.542000000000000000e+03
4.563000000000000000e+03
4.584000000000000000e+03
4.605000000000000000e+03
4.626000000000000000e+03
4.647000000000000000e+03
4.667000000000000000e+03
4.687000000000000000e+03
4.707000000000000000e+03
4.727000000000000000e+03
4.747000000000000000e+03
4.767000000000000000e+03
4.787000000000000000e+03
4.807000000000000000e+03
4.826000000000000000e+03
4.845000000000000000e+03
4.864000000000000000e+03
4.883000000000000000e+03
4.902000000000000000e+03
4.921000000000000000e+03
4.940000000000000000e+03
4.959000000000000000e+03
4.978000000000000000e+03
4.997000000000000000e+03
5.016000000000000000e+03
5.035000000000000000e+03
5.054000000000000000e+03
5.073000000000000000e+03
5.092000000000000000e+03
5.111000000000000000e+03
5.130000000000000000e+03
5.149000000000000000e+03
5.169000000000000000e+03
5.188000000000000000e+03
5.208000000000000000e+03
5.228000000000000000e+03
5.248000000000000000e+03
5.268000000000000000e+03
5.288000000000000000e+03
5.308000000000000000e+03
5.328000000000000000e+03
5.348000000000000000e+03
5.368000000000000000e+03
5.388000000000000000e+03
5.409000000000000000e+03
5.430000000000000000e+03
5.451000000000000000e+03
5.472000000000000000e+03
5.493000000000000000e+03
5.514000000000000000e+03
5.535000000000000000e+03
5.556000000000000000e+03
5.577000000000000000e+03
5.599000000000000000e+03
5.621000000000000000e+03
5.643000000000000000e+03
5.665000000000000000e+03
5.687000000000000000e+03
5.709000000000000000e+03
5.732000000000000000e+03
5.754000000000000000e+03
5.777000000000000000e+03
5.800000000000000000e+03
5.824000000000000000e+03
5.847000000000000000e+03
5.871000000000000000e+03
5.895000000000000000e+03
5.919000000000000000e+03
5.943000000000000000e+03
5.968000000000000000e+03
5.993000000000000000e+03
6.018000000000000000e+03
6.043000000000000000e+03
6.068000000000000000e+03
6.094000000000000000e+03
6.120000000000000000e+03
6.146000000000000000e+03
6.172000000000000000e+03
6.199000000000000000e+03
6.226000000000000000e+03
6.253000000000000000e+03
6.281000000000000000e+03
6.309000000000000000e+03
6.337000000000000000e+03
6.365000000000000000e+03
6.393000000000000000e+03
6.422000000000000000e+03
6.451000000000000000e+03
6.481000000000000000e+03
6.511000000000000000e+03
6.542000000000000000e+03
6.573000000000000000e+03
6.604000000000000000e+03
6.635000000000000000e+03
6.666000000000000000e+03
6.696000000000000000e+03
6.726000000000000000e+03
6.756000000000000000e+03
6.785000000000000000e+03
6.814000000000000000e+03
6.843000000000000000e+03
6.872000000000000000e+03
6.901000000000000000e+03
6.930000000000000000e+03
6.959000000000000000e+03
6.988000000000000000e+03
7.016000000000000000e+03
7.044000000000000000e+03
7.072000000000000000e+03
7.100000000000000000e+03
7.128000000000000000e+03
7.156000000000000000e+03
7.184000000000000000e+03
7.211000000000000000e+03
7.238000000000000000e+03
7.265000000000000000e+03
7.292000000000000000e+03
7.319000000000000000e+03
7.345000000000000000e+03
7.371000000000000000e+03
7.397000000000000000e+03
7.422000000000000000e+03
7.448000000000000000e+03
7.473000000000000000e+03
7.498000000000000000e+03
7.523000000000000000e+03
7.547000000000000000e+03
7.571000000000000000e+03
7.595000000000000000e+03
7.618000000000000000e+03
7.641000000000000000e+03
7.664000000000000000e+03
7.686000000000000000e+03
7.708000000000000000e+03
7.730000000000000000e+03
7.751000000000000000e+03
7.772000000000000000e+03
7.793000000000000000e+03
7.813000000000000000e+03
7.833000000000000000e+03
7.853000000000000000e+03
7.872000000000000000e+03
7.891000000000000000e+03
7.910000000000000000e+03
7.928000000000000000e+03
7.946000000000000000e+03
7.964000000000000000e+03
7.982000000000000000e+03
7.999000000000000000e+03
8.016000000000000000e+03
8.033000000000000000e+03
8.049000000000000000e+03
8.065000000000000000e+03
8.081000000000000000e+03
8.097000000000000000e+03
8.113000000000000000e+03
8.128000000000000000e+03
8.143000000000000000e+03
8.158000000000000000e+03
8.173000000000000000e+03
8.188000000000000000e+03
8.203000000000000000e+03
8.217000000000000000e+03
8.231000000000000000e+03
8.245000000000000000e+03
8.259000000000000000e+03
8.273000000000000000e+03
8.287000000000000000e+03
8.301000000000000000e+03
8.315000000000000000e+03
8.328000000000000000e+03
8.341000000000000000e+03
8.354000000000000000e+03
8.367000000000000000e+03
8.380000000000000000e+03
8.393000000000000000e+03
8.406000000000000000e+03
8.419000000000000000e+03
8.432000000000000000e+03
8.445000000000000000e+03
8.458000000000000000e+03
8.471000000000000000e+03
8.484000000000000000e+03
8.497000000000000000e+03
8.510000000000000000e+03
8.523000000000000000e+03
8.536000000000000000e+03
8.549000000000000000e+03
8.562000000000000000e+03
8.575000000000000000e+03
8.588000000000000000e+03
8.601000000000000000e+03
8.614000000000000000e+03
8.627000000000000000e+03
8.640000000000000000e+03
8.653000000000000000e+03
8.666000000000000000e+03
8.679000000000000000e+03
8.693000000000000000e+03
8.707000000000000000e+03
8.721000000000000000e+03
8.735000000000000000e+03
8.749000000000000000e+03
8.763000000000000000e+03
8.777000000000000000e+03
8.792000000000000000e+03
8.807000000000000000e+03
8.822000000000000000e+03
8.837000000000000000e+03
8.852000000000000000e+03
8.868000000000000000e+03
8.884000000000000000e+03
8.900000000000000000e+03
8.916000000000000000e+03
8.933000000000000000e+03
8.950000000000000000e+03
8.967000000000000000e+03
8.985000000000000000e+03
9.003000000000000000e+03
9.022000000000000000e+03
9.041000000000000000e+03
9.061000000000000000e+03
9.081000000000000000e+03
9.102000000000000000e+03
9.123000000000000000e+03
9.145000000000000000e+03
9.168000000000000000e+03
9.192000000000000000e+03
9.216000000000000000e+03
9.241000000000000000e+03
9.267000000000000000e+03
9.294000000000000000e+03
9.320000000000000000e+03
9.345000000000000000e+03
9.370000000000000000e+03
9.394000000000000000e+03
9.417000000000000000e+03
9.440000000000000000e+03
9.462000000000000000e+03
9.484000000000000000e+03
9.505000000000000000e+03
9.526000000000000000e+03
9.547000000000000000e+03
9.567000000000000000e+03
9.587000000000000000e+03
9.607000000000000000e+03
9.627000000000000000e+03
9.646000000000000000e+03
9.665000000000000000e+03
9.684000000000000000e+03
9.703000000000000000e+03
9.722000000000000000e+03
9.741000000000000000e+03
9.760000000000000000e+03
9.778000000000000000e+03
9.796000000000000000e+03
9.814000000000000000e+03
9.832000000000000000e+03
9.850000000000000000e+03
9.868000000000000000e+03
9.886000000000000000e+03
9.904000000000000000e+03
9.922000000000000000e+03
9.940000000000000000e+03
9.959000000000000000e+03
9.978000000000000000e+03
9.997000000000000000e+03
1.001600000000000000e+04
1.003500000000000000e+04
1.005400000000000000e+04
1.007400000000000000e+04
1.009400000000000000e+04
1.011400000000000000e+04
1.013400000000000000e+04
1.015500000000000000e+04
1.017600000000000000e+04
1.019700000000000000e+04
1.021900000000000000e+04
1.024100000000000000e+04
1.026400000000000000e+04
1.028700000000000000e+04
1.031100000000000000e+04
1.033500000000000000e+04
1.036000000000000000e+04
1.038600000000000000e+04
1.041200000000000000e+04
1.043900000000000000e+04
1.046700000000000000e+04
1.049600000000000000e+04
1.052600000000000000e+04
1.055800000000000000e+04
1.059100000000000000e+04
1.062500000000000000e+04
1.066000000000000000e+04
1.069600000000000000e+04
1.073300000000000000e+04
1.077100000000000000e+04
1.081000000000000000e+04
1.085000000000000000e+04
1.089100000000000000e+04
1.093400000000000000e+04
1.097800000000000000e+04
1.102400000000000000e+04
1.107100000000000000e+04
1.111900000000000000e+04
1.116800000000000000e+04
1.121800000000000000e+04
1.126800000000000000e+04
1.131700000000000000e+04
1.136600000000000000e+04
1.141500000000000000e+04
1.146400000000000000e+04
1.151200000000000000e+04
1.156000000000000000e+04
1.160800000000000000e+04
1.165600000000000000e+04
1.170200000000000000e+04
1.174700000000000000e+04
1.179200000000000000e+04
1.183600000000000000e+04
1.187800000000000000e+04
1.191900000000000000e+04
1.195900000000000000e+04
1.199700000000000000e+04
1.203500000000000000e+04
1.207200000000000000e+04
1.210700000000000000e+04
1.214100000000000000e+04
1.217500000000000000e+04
1.220800000000000000e+04
1.224000000000000000e+04
1.227100000000000000e+04
1.230100000000000000e+04
1.233100000000000000e+04
1.236000000000000000e+04
1.238900000000000000e+04
1.241700000000000000e+04
1.244400000000000000e+04
1.247100000000000000e+04
1.249800000000000000e+04
1.252400000000000000e+04
1.255000000000000000e+04
1.257500000000000000e+04
1.260000000000000000e+04
1.262500000000000000e+04
1.264900000000000000e+04
1.267300000000000000e+04
1.269700000000000000e+04
1.272100000000000000e+04
1.274400000000000000e+04
1.276700000000000000e+04
1.279000000000000000e+04
1.281300000000000000e+04
1.283600000000000000e+04
1.285900000000000000e+04
1.288200000000000000e+04
1.290500000000000000e+04
1.292800000000000000e+04
1.295100000000000000e+04
1.297400000000000000e+04
1.299700000000000000e+04
1.302000000000000000e+04
1.304300000000000000e+04
1.306600000000000000e+04
1.308900000000000000e+04
1.311200000000000000e+04
1.313500000000000000e+04
1.315900000000000000e+04
1.318300000000000000e+04
1.320700000000000000e+04
1.323100000000000000e+04
1.325500000000000000e+04
1.327900000000000000e+04
1.330400000000000000e+04
1.332800000000000000e+04
1.335300000000000000e+04
1.337800000000000000e+04
1.340300000000000000e+04
1.342800000000000000e+04
1.345300000000000000e+04
1.347800000000000000e+04
1.350300000000000000e+04
1.352800000000000000e+04
1.355300000000000000e+04
1.357900000000000000e+04
1.360500000000000000e+04
1.363100000000000000e+04
1.365700000000000000e+04
1.368300000000000000e+04
1.370900000000000000e+04
1.373500000000000000e+04
1.376200000000000000e+04
1.378900000000000000e+04
1.381600000000000000e+04
1.384300000000000000e+04
1.387100000000000000e+04
1.389900000000000000e+04
1.392700000000000000e+04
1.395500000000000000e+04
1.398300000000000000e+04
1.401100000000000000e+04
1.404000000000000000e+04
1.406900000000000000e+04
1.409800000000000000e+04
1.412700000000000000e+04
1.415600000000000000e+04
1.418500000000000000e+04
1.421400000000000000e+04
1.424300000000000000e+04
1.427100000000000000e+04
1.429900000000000000e+04
1.432700000000000000e+04
1.435500000000000000e+04
1.438200000000000000e+04
1.440900000000000000e+04
1.443600000000000000e+04
1.446300000000000000e+04
1.449000000000000000e+04
1.451700000000000000e+04
1.454400000000000000e+04
1.457100000000000000e+04
1.459800000000000000e+04
1.462500000000000000e+04
1.465200000000000000e+04
1.467900000000000000e+04
1.470600000000000000e+04
1.473400000000000000e+04
1.476200000000000000e+04
1.479000000000000000e+04
1.481800000000000000e+04
1.484600000000000000e+04
1.487500000000000000e+04
1.490400000000000000e+04
1.493400000000000000e+04
1.496300000000000000e+04
1.499300000000000000e+04
1.502300000000000000e+04
1.505400000000000000e+04
1.508600000000000000e+04
1.511900000000000000e+04
1.515200000000000000e+04
1.518600000000000000e+04
1.522000000000000000e+04
1.525500000000000000e+04
1.529100000000000000e+04
1.532800000000000000e+04
1.536600000000000000e+04
1.540600000000000000e+04
1.544700000000000000e+04
1.548800000000000000e+04
1.553000000000000000e+04
1.557200000000000000e+04
1.561500000000000000e+04
1.565800000000000000e+04
1.570300000000000000e+04
1.574600000000000000e+04
1.579200000000000000e+04
1.583700000000000000e+04
1.588200000000000000e+04
1.592800000000000000e+04
1.597600000000000000e+04
1.602400000000000000e+04
1.607100000000000000e+04
1.611900000000000000e+04
1.616800000000000000e+04
1.621800000000000000e+04
1.626900000000000000e+04
1.632000000000000000e+04
1.636900000000000000e+04
1.642000000000000000e+04
1.647100000000000000e+04
1.652200000000000000e+04
1.657300000000000000e+04
1.662500000000000000e+04
1.667700000000000000e+04
1.672900000000000000e+04
1.677800000000000000e+04
1.682600000000000000e+04
1.687500000000000000e+04
1.692200000000000000e+04
1.696800000000000000e+04
1.701200000000000000e+04
1.705600000000000000e+04
1.710000000000000000e+04
1.714200000000000000e+04
1.718400000000000000e+04
1.722500000000000000e+04
1.726600000000000000e+04
1.730600000000000000e+04
1.734500000000000000e+04
1.738500000000000000e+04
1.742400000000000000e+04
1.746200000000000000e+04
1.750000000000000000e+04
1.753700000000000000e+04
1.757400000000000000e+04
1.761000000000000000e+04
1.764500000000000000e+04
1.768000000000000000e+04
1.771500000000000000e+04
1.775000000000000000e+04
1.778400000000000000e+04
1.781800000000000000e+04
1.785100000000000000e+04
1.788400000000000000e+04
1.791700000000000000e+04
1.795000000000000000e+04
1.798300000000000000e+04
1.801500000000000000e+04
1.804700000000000000e+04
1.807900000000000000e+04
1.811100000000000000e+04
1.814300000000000000e+04
1.817400000000000000e+04
1.820500000000000000e+04
1.823600000000000000e+04
1.826700000000000000e+04
1.829800000000000000e+04
1.832900000000000000e+04
1.836000000000000000e+04
1.839000000000000000e+04
1.842000000000000000e+04
1.845000000000000000e+04
1.848000000000000000e+04
1.850900000000000000e+04
1.853800000000000000e+04
1.856700000000000000e+04
1.859600000000000000e+04
1.862500000000000000e+04
1.865400000000000000e+04
1.868300000000000000e+04
1.871200000000000000e+04
1.874100000000000000e+04
1.877000000000000000e+04
1.879900000000000000e+04
1.882800000000000000e+04
1.885700000000000000e+04
1.888500000000000000e+04
1.891300000000000000e+04
1.894100000000000000e+04
1.896900000000000000e+04
1.899700000000000000e+04
1.902400000000000000e+04
1.905100000000000000e+04
1.907800000000000000e+04
1.910400000000000000e+04
1.913000000000000000e+04
1.915500000000000000e+04
1.918000000000000000e+04
1.920500000000000000e+04
1.922900000000000000e+04
1.925300000000000000e+04
1.927700000000000000e+04
1.930000000000000000e+04
1.932300000000000000e+04
1.934600000000000000e+04
1.936800000000000000e+04
1.939000000000000000e+04
1.941200000000000000e+04
1.943400000000000000e+04
1.945600000000000000e+04
1.947700000000000000e+04
1.949800000000000000e+04
1.951900000000000000e+04
1.954000000000000000e+04
1.956100000000000000e+04
1.958200000000000000e+04
1.960300000000000000e+04
1.962300000000000000e+04
1.964300000000000000e+04
1.966300000000000000e+04
1.968300000000000000e+04
1.970300000000000000e+04
1.972300000000000000e+04
1.974300000000000000e+04
1.976300000000000000e+04
1.978300000000000000e+04
1.980300000000000000e+04
1.982300000000000000e+04
1.984300000000000000e+04
1.986300000000000000e+04
1.988300000000000000e+04
1.990300000000000000e+04
1.992300000000000000e+04
1.994300000000000000e+04
1.996300000000000000e+04
1.998300000000000000e+04
2.000300000000000000e+04
2.002300000000000000e+04
2.004300000000000000e+04
2.006400000000000000e+04
2.008500000000000000e+04
2.010600000000000000e+04
2.012700000000000000e+04
2.014800000000000000e+04
2.017000000000000000e+04
2.019100000000000000e+04
2.021200000000000000e+04
2.023300000000000000e+04
2.025400000000000000e+04
2.027500000000000000e+04
2.029600000000000000e+04
2.031700000000000000e+04
2.033800000000000000e+04
2.035900000000000000e+04
2.037900000000000000e+04
2.040000000000000000e+04
2.042000000000000000e+04
2.044000000000000000e+04
2.046000000000000000e+04
2.048000000000000000e+04
2.050000000000000000e+04
2.052000000000000000e+04
2.054100000000000000e+04
2.056200000000000000e+04
2.058300000000000000e+04
2.060400000000000000e+04
2.062500000000000000e+04
2.064600000000000000e+04
2.066700000000000000e+04
2.068800000000000000e+04
2.071000000000000000e+04
2.073200000000000000e+04
2.075400000000000000e+04
2.077600000000000000e+04
2.079800000000000000e+04
2.082100000000000000e+04
2.084400000000000000e+04
2.086700000000000000e+04
2.089000000000000000e+04
2.091300000000000000e+04
2.093600000000000000e+04
2.095900000000000000e+04
2.098200000000000000e+04
2.100500000000000000e+04
2.102900000000000000e+04
2.105300000000000000e+04
2.107700000000000000e+04
2.110100000000000000e+04
2.112500000000000000e+04
2.114900000000000000e+04
2.117400000000000000e+04
2.119900000000000000e+04
2.122400000000000000e+04
2.124900000000000000e+04
2.127300000000000000e+04
2.129700000000000000e+04
2.132000000000000000e+04
2.134300000000000000e+04
2.136500000000000000e+04
2.138700000000000000e+04
2.140900000000000000e+04
2.143000000000000000e+04
2.145100000000000000e+04
2.147200000000000000e+04
2.149200000000000000e+04
2.151200000000000000e+04
2.153200000000000000e+04
2.155200000000000000e+04
2.157200000000000000e+04
2.159100000000000000e+04
2.161000000000000000e+04
2.162900000000000000e+04
2.164800000000000000e+04
2.166700000000000000e+04
2.168600000000000000e+04
2.170500000000000000e+04
2.172400000000000000e+04
2.174300000000000000e+04
2.176200000000000000e+04
2.178100000000000000e+04
2.180000000000000000e+04
2.181900000000000000e+04
2.183900000000000000e+04
2.185900000000000000e+04
2.187900000000000000e+04
2.189900000000000000e+04
2.191900000000000000e+04
2.193900000000000000e+04
2.195900000000000000e+04
2.198000000000000000e+04
2.200100000000000000e+04
2.202200000000000000e+04
2.204400000000000000e+04
2.206600000000000000e+04
2.208900000000000000e+04
2.211200000000000000e+04
2.213500000000000000e+04
2.215900000000000000e+04
2.218400000000000000e+04
2.220900000000000000e+04
2.223500000000000000e+04
2.226100000000000000e+04
2.228800000000000000e+04
2.231500000000000000e+04
2.234300000000000000e+04
2.237200000000000000e+04
2.240100000000000000e+04
2.243100000000000000e+04
2.246200000000000000e+04
2.249300000000000000e+04
2.252500000000000000e+04
2.255700000000000000e+04
2.259000000000000000e+04
2.262400000000000000e+04
2.265900000000000000e+04
2.269500000000000000e+04
2.273100000000000000e+04
2.276700000000000000e+04
2.280400000000000000e+04
2.284200000000000000e+04
2.288100000000000000e+04
2.292100000000000000e+04
2.296100000000000000e+04
2.300200000000000000e+04
2.304300000000000000e+04
2.308500000000000000e+04
2.312700000000000000e+04
2.316900000000000000e+04
2.321000000000000000e+04
2.325000000000000000e+04
2.328900000000000000e+04
2.332800000000000000e+04
2.336500000000000000e+04
2.340100000000000000e+04
2.343600000000000000e+04
2.347000000000000000e+04
2.350300000000000000e+04
2.353600000000000000e+04
2.356800000000000000e+04
2.359900000000000000e+04
2.363000000000000000e+04
2.366000000000000000e+04
2.368900000000000000e+04
2.371700000000000000e+04
2.374500000000000000e+04
2.377200000000000000e+04
2.379900000000000000e+04
2.382500000000000000e+04
2.385100000000000000e+04
2.387700000000000000e+04
2.390200000000000000e+04
2.392700000000000000e+04
2.395100000000000000e+04
2.397500000000000000e+04
2.399800000000000000e+04
2.402100000000000000e+04
2.404400000000000000e+04
2.406600000000000000e+04
2.408800000000000000e+04
2.411000000000000000e+04
2.413200000000000000e+04
2.415300000000000000e+04
2.417400000000000000e+04
2.419500000000000000e+04
2.421600000000000000e+04
2.423700000000000000e+04
2.425800000000000000e+04
2.427900000000000000e+04
2.429900000000000000e+04
2.431900000000000000e+04
2.433900000000000000e+04
2.435900000000000000e+04
2.437900000000000000e+04
2.439900000000000000e+04
2.441900000000000000e+04
2.443900000000000000e+04
2.445900000000000000e+04
2.447900000000000000e+04
2.449900000000000000e+04
2.451900000000000000e+04
2.454000000000000000e+04
2.456100000000000000e+04
2.458200000000000000e+04
2.460300000000000000e+04
2.462400000000000000e+04
2.464600000000000000e+04
2.466800000000000000e+04
2.469000000000000000e+04
2.471200000000000000e+04
2.473400000000000000e+04
2.475600000000000000e+04
2.477800000000000000e+04
2.480000000000000000e+04
2.482200000000000000e+04
2.484400000000000000e+04
2.486700000000000000e+04
2.489000000000000000e+04
2.491300000000000000e+04
2.493600000000000000e+04
2.496000000000000000e+04
2.498400000000000000e+04
2.500800000000000000e+04
2.503300000000000000e+04
2.505800000000000000e+04
2.508400000000000000e+04
2.511000000000000000e+04
2.513700000000000000e+04
2.516400000000000000e+04
2.519200000000000000e+04
2.522000000000000000e+04
2.524900000000000000e+04
2.527900000000000000e+04
2.531000000000000000e+04
2.534100000000000000e+04
2.537200000000000000e+04
2.540300000000000000e+04
2.543500000000000000e+04
2.546700000000000000e+04
2.550000000000000000e+04
2.553300000000000000e+04
2.556600000000000000e+04
2.559900000000000000e+04
2.563200000000000000e+04
2.566600000000000000e+04
2.570000000000000000e+04
2.573500000000000000e+04
2.577000000000000000e+04
2.580500000000000000e+04
2.584000000000000000e+04
2.587600000000000000e+04
2.591200000000000000e+04
2.594800000000000000e+04
2.598500000000000000e+04
2.602200000000000000e+04
2.605900000000000000e+04
2.609700000000000000e+04
2.613500000000000000e+04
2.617300000000000000e+04
2.621200000000000000e+04
2.625200000000000000e+04
2.629200000000000000e+04
2.633200000000000000e+04
2.637300000000000000e+04
2.641500000000000000e+04
2.645800000000000000e+04
2.650000000000000000e+04
2.654300000000000000e+04
2.658700000000000000e+04
2.663000000000000000e+04
2.667400000000000000e+04
2.671800000000000000e+04
2.676100000000000000e+04
2.680400000000000000e+04
2.684700000000000000e+04
2.689100000000000000e+04
2.693600000000000000e+04
2.698000000000000000e+04
2.702400000000000000e+04
2.706800000000000000e+04
2.711100000000000000e+04
2.715500000000000000e+04
2.720000000000000000e+04
2.724400000000000000e+04
2.728800000000000000e+04
2.733300000000000000e+04
2.737700000000000000e+04
2.742100000000000000e+04
2.746400000000000000e+04
2.750600000000000000e+04
2.754700000000000000e+04
2.758700000000000000e+04
2.762600000000000000e+04
2.766400000000000000e+04
2.770100000000000000e+04
2.773700000000000000e+04
2.777100000000000000e+04
2.780500000000000000e+04
2.783800000000000000e+04
2.787000000000000000e+04
2.790100000000000000e+04
2.793200000000000000e+04
2.796200000000000000e+04
2.799100000000000000e+04
2.802000000000000000e+04
2.804800000000000000e+04
2.807600000000000000e+04
2.810300000000000000e+04
2.813000000000000000e+04
2.815600000000000000e+04
2.818200000000000000e+04
2.820800000000000000e+04
2.823400000000000000e+04
2.825900000000000000e+04
2.828400000000000000e+04
2.830900000000000000e+04
2.833400000000000000e+04
2.835900000000000000e+04
2.838400000000000000e+04
2.840900000000000000e+04
2.843400000000000000e+04
2.845800000000000000e+04
2.848300000000000000e+04
2.850800000000000000e+04
2.853300000000000000e+04
2.855800000000000000e+04
2.858300000000000000e+04
2.860800000000000000e+04
2.863300000000000000e+04
2.865900000000000000e+04
2.868500000000000000e+04
2.871100000000000000e+04
2.873800000000000000e+04
2.876500000000000000e+04
2.879200000000000000e+04
2.881900000000000000e+04
2.884600000000000000e+04
2.887400000000000000e+04
2.890200000000000000e+04
2.893000000000000000e+04
2.895900000000000000e+04
2.898800000000000000e+04
2.901800000000000000e+04
2.904900000000000000e+04
2.908000000000000000e+04
2.911200000000000000e+04
2.914500000000000000e+04
2.917900000000000000e+04
2.921400000000000000e+04
2.924900000000000000e+04
2.928600000000000000e+04
2.932400000000000000e+04
2.936300000000000000e+04
2.940400000000000000e+04
2.944600000000000000e+04
2.948900000000000000e+04
2.953400000000000000e+04
2.957900000000000000e+04
2.962400000000000000e+04
2.966700000000000000e+04
2.970900000000000000e+04
2.975100000000000000e+04
2.979200000000000000e+04
2.983200000000000000e+04
2.987000000000000000e+04
2.990700000000000000e+04
2.994400000000000000e+04
2.997900000000000000e+04
3.001300000000000000e+04
3.004700000000000000e+04
3.008000000000000000e+04
3.011200000000000000e+04
3.014300000000000000e+04
3.017400000000000000e+04
3.020400000000000000e+04
3.023300000000000000e+04
3.026100000000000000e+04
3.028900000000000000e+04
3.031600000000000000e+04
3.034300000000000000e+04
3.036900000000000000e+04
3.039400000000000000e+04
3.041900000000000000e+04
3.044300000000000000e+04
3.046700000000000000e+04
3.049100000000000000e+04
3.051400000000000000e+04
3.053700000000000000e+04
3.056000000000000000e+04
3.058200000000000000e+04
3.060400000000000000e+04
3.062500000000000000e+04
3.064600000000000000e+04
3.066700000000000000e+04
3.068800000000000000e+04
3.070800000000000000e+04
3.072800000000000000e+04
3.074800000000000000e+04
3.076800000000000000e+04
3.078800000000000000e+04
3.080800000000000000e+04
3.082700000000000000e+04
3.084600000000000000e+04
3.086500000000000000e+04
3.088300000000000000e+04
3.090100000000000000e+04
3.091900000000000000e+04
3.093600000000000000e+04
3.095300000000000000e+04
3.097000000000000000e+04
3.098700000000000000e+04
3.100400000000000000e+04
3.102000000000000000e+04
3.103600000000000000e+04
3.105200000000000000e+04
3.106800000000000000e+04
3.108400000000000000e+04
3.109900000000000000e+04
3.111400000000000000e+04
3.112900000000000000e+04
3.114400000000000000e+04
3.115900000000000000e+04
3.117400000000000000e+04
3.118900000000000000e+04
3.120400000000000000e+04
3.121900000000000000e+04
3.123400000000000000e+04
3.124900000000000000e+04
3.126300000000000000e+04
3.127700000000000000e+04
3.129100000000000000e+04
3.130500000000000000e+04
3.131900000000000000e+04
3.133300000000000000e+04
3.134700000000000000e+04
3.136100000000000000e+04
3.137500000000000000e+04
3.138900000000000000e+04
3.140300000000000000e+04
3.141700000000000000e+04
3.143100000000000000e+04
3.144500000000000000e+04
3.145900000000000000e+04
3.147300000000000000e+04
3.148700000000000000e+04
3.150100000000000000e+04
3.151500000000000000e+04
3.152900000000000000e+04
3.154300000000000000e+04
3.155700000000000000e+04
3.157100000000000000e+04
3.158500000000000000e+04
3.159900000000000000e+04
3.161300000000000000e+04
3.162700000000000000e+04
3.164100000000000000e+04
3.165500000000000000e+04
3.166900000000000000e+04
3.168300000000000000e+04
3.169700000000000000e+04
3.171100000000000000e+04
3.172500000000000000e+04
3.173900000000000000e+04
3.175300000000000000e+04
3.176800000000000000e+04
3.178300000000000000e+04
3.179800000000000000e+04
3.181300000000000000e+04
3.182800000000000000e+04
3.184300000000000000e+04
3.185800000000000000e+04
3.187300000000000000e+04
3.188900000000000000e+04
3.190500000000000000e+04
3.192100000000000000e+04
3.193700000000000000e+04
3.195300000000000000e+04
3.197000000000000000e+04
3.198700000000000000e+04
3.200400000000000000e+04
3.202200000000000000e+04
3.204000000000000000e+04
3.205800000000000000e+04
3.207700000000000000e+04
3.209600000000000000e+04
3.211600000000000000e+04
3.213600000000000000e+04
3.215600000000000000e+04
3.217700000000000000e+04
3.219800000000000000e+04
3.222000000000000000e+04
3.224200000000000000e+04
3.226500000000000000e+04
3.228800000000000000e+04
3.231200000000000000e+04
3.233600000000000000e+04
3.236100000000000000e+04
3.238700000000000000e+04
3.241300000000000000e+04
3.244000000000000000e+04
3.246700000000000000e+04
3.249500000000000000e+04
3.252400000000000000e+04
3.255400000000000000e+04
3.258500000000000000e+04
3.261700000000000000e+04
3.265000000000000000e+04
3.268400000000000000e+04
3.271900000000000000e+04
3.275500000000000000e+04
3.279200000000000000e+04
3.283100000000000000e+04
3.287100000000000000e+04
3.291200000000000000e+04
3.295400000000000000e+04
3.299600000000000000e+04
3.303600000000000000e+04
3.307500000000000000e+04
3.311300000000000000e+04
3.315000000000000000e+04
3.318600000000000000e+04
3.322000000000000000e+04
3.325300000000000000e+04
3.328600000000000000e+04
3.331800000000000000e+04
3.334900000000000000e+04
3.337900000000000000e+04
3.340900000000000000e+04
3.343900000000000000e+04
3.346800000000000000e+04
3.349700000000000000e+04
3.352500000000000000e+04
3.355300000000000000e+04
3.358100000000000000e+04
3.360900000000000000e+04
3.363700000000000000e+04
3.366500000000000000e+04
3.369200000000000000e+04
3.371900000000000000e+04
3.374700000000000000e+04
3.377500000000000000e+04
3.380200000000000000e+04
3.383000000000000000e+04
3.385800000000000000e+04
3.388700000000000000e+04
3.391600000000000000e+04
3.394500000000000000e+04
3.397600000000000000e+04
3.400700000000000000e+04
3.403800000000000000e+04
3.407000000000000000e+04
3.410300000000000000e+04
3.413700000000000000e+04
3.417200000000000000e+04
3.420900000000000000e+04
3.424700000000000000e+04
3.428700000000000000e+04
3.432900000000000000e+04
3.437300000000000000e+04
3.441900000000000000e+04
3.446200000000000000e+04
3.450400000000000000e+04
3.454500000000000000e+04
3.458400000000000000e+04
3.462100000000000000e+04
3.465600000000000000e+04
3.469000000000000000e+04
3.472300000000000000e+04
3.475500000000000000e+04
3.478500000000000000e+04
3.481400000000000000e+04
3.484300000000000000e+04
3.487000000000000000e+04
3.489700000000000000e+04
3.492300000000000000e+04
3.494800000000000000e+04
3.497200000000000000e+04
3.499600000000000000e+04
3.501900000000000000e+04
3.504200000000000000e+04
3.506400000000000000e+04
3.508600000000000000e+04
3.510700000000000000e+04
3.512800000000000000e+04
3.514900000000000000e+04
3.516900000000000000e+04
3.518900000000000000e+04
3.520900000000000000e+04
3.522900000000000000e+04
3.524900000000000000e+04
3.526800000000000000e+04
3.528700000000000000e+04
3.530600000000000000e+04
3.532500000000000000e+04
3.534300000000000000e+04
3.536100000000000000e+04
3.537900000000000000e+04
3.539700000000000000e+04
3.541500000000000000e+04
3.543200000000000000e+04
3.544900000000000000e+04
3.546600000000000000e+04
3.548300000000000000e+04
3.550000000000000000e+04
3.551600000000000000e+04
3.553200000000000000e+04
3.554800000000000000e+04
3.556400000000000000e+04
3.558000000000000000e+04
3.559600000000000000e+04
3.561200000000000000e+04
3.562800000000000000e+04
3.564400000000000000e+04
3.566000000000000000e+04
3.567600000000000000e+04
3.569200000000000000e+04
3.570800000000000000e+04
3.572400000000000000e+04
3.574000000000000000e+04
3.575600000000000000e+04
3.577200000000000000e+04
3.578800000000000000e+04
3.580400000000000000e+04
3.582000000000000000e+04
3.583600000000000000e+04
3.585200000000000000e+04
3.586800000000000000e+04
3.588400000000000000e+04
3.590000000000000000e+04
3.591600000000000000e+04
3.593200000000000000e+04
3.594800000000000000e+04
3.596400000000000000e+04
3.598000000000000000e+04
3.599700000000000000e+04
3.601400000000000000e+04
3.603100000000000000e+04
3.604800000000000000e+04
3.606500000000000000e+04
3.608200000000000000e+04
3.609900000000000000e+04
3.611600000000000000e+04
3.613300000000000000e+04
3.615100000000000000e+04
3.616900000000000000e+04
3.618700000000000000e+04
3.620500000000000000e+04
3.622300000000000000e+04
3.624200000000000000e+04
3.626100000000000000e+04
3.628000000000000000e+04
3.629900000000000000e+04
3.631900000000000000e+04
3.633900000000000000e+04
3.635900000000000000e+04
3.638000000000000000e+04
3.640100000000000000e+04
3.642200000000000000e+04
3.644400000000000000e+04
3.646600000000000000e+04
3.648900000000000000e+04
3.651200000000000000e+04
3.653600000000000000e+04
3.656100000000000000e+04
3.658700000000000000e+04
3.661400000000000000e+04
3.664100000000000000e+04
3.666800000000000000e+04
3.669500000000000000e+04
3.672300000000000000e+04
3.675100000000000000e+04
3.678000000000000000e+04
3.680900000000000000e+04
3.683900000000000000e+04
3.686900000000000000e+04
3.689900000000000000e+04
3.692800000000000000e+04
3.695700000000000000e+04
3.698500000000000000e+04
3.701300000000000000e+04
3.704100000000000000e+04
3.706800000000000000e+04
3.709500000000000000e+04
3.712200000000000000e+04
3.714900000000000000e+04
3.717500000000000000e+04
3.720100000000000000e+04
3.722700000000000000e+04
3.725200000000000000e+04
3.727700000000000000e+04
3.730200000000000000e+04
3.732700000000000000e+04
3.735200000000000000e+04
3.737600000000000000e+04
3.740000000000000000e+04
3.742400000000000000e+04
3.744800000000000000e+04
3.747200000000000000e+04
3.749500000000000000e+04
3.751800000000000000e+04
3.754100000000000000e+04
3.756400000000000000e+04
3.758700000000000000e+04
3.761000000000000000e+04
3.763300000000000000e+04
3.765600000000000000e+04
3.767900000000000000e+04
3.770200000000000000e+04
3.772500000000000000e+04
3.774800000000000000e+04
3.777100000000000000e+04
3.779400000000000000e+04
3.781700000000000000e+04
3.784000000000000000e+04
3.786300000000000000e+04
3.788600000000000000e+04
3.791000000000000000e+04
3.793400000000000000e+04
3.795800000000000000e+04
3.798200000000000000e+04
3.800700000000000000e+04
3.803200000000000000e+04
3.805800000000000000e+04
3.808400000000000000e+04
3.811100000000000000e+04
3.813900000000000000e+04
3.816800000000000000e+04
3.819700000000000000e+04
3.822500000000000000e+04
3.825300000000000000e+04
3.828200000000000000e+04
3.831100000000000000e+04
3.834000000000000000e+04
3.836900000000000000e+04
3.839800000000000000e+04
3.842800000000000000e+04
3.845800000000000000e+04
3.848800000000000000e+04
3.851900000000000000e+04
3.855000000000000000e+04
3.858200000000000000e+04
3.861400000000000000e+04
3.864700000000000000e+04
3.868100000000000000e+04
3.871600000000000000e+04
3.875100000000000000e+04
3.878800000000000000e+04
3.882600000000000000e+04
3.886500000000000000e+04
3.890500000000000000e+04
3.894700000000000000e+04
3.899100000000000000e+04
3.903600000000000000e+04
3.908400000000000000e+04
3.913300000000000000e+04
3.918500000000000000e+04
3.924100000000000000e+04
3.929200000000000000e+04
3.934100000000000000e+04
3.938700000000000000e+04
3.943100000000000000e+04
3.947300000000000000e+04
3.951500000000000000e+04
3.955500000000000000e+04
3.959400000000000000e+04
3.963200000000000000e+04
3.966900000000000000e+04
3.970600000000000000e+04
3.974300000000000000e+04
3.977900000000000000e+04
3.981400000000000000e+04
3.984900000000000000e+04
3.988300000000000000e+04
3.991700000000000000e+04
3.995100000000000000e+04
3.998600000000000000e+04
4.002000000000000000e+04
4.005300000000000000e+04
4.008700000000000000e+04
4.012000000000000000e+04
4.015300000000000000e+04
4.018600000000000000e+04
4.021900000000000000e+04
4.025300000000000000e+04
4.028700000000000000e+04
4.032100000000000000e+04
4.035500000000000000e+04
4.038900000000000000e+04
4.042300000000000000e+04
4.045700000000000000e+04
4.049100000000000000e+04
4.052600000000000000e+04
4.056100000000000000e+04
4.059700000000000000e+04
4.063300000000000000e+04
4.067000000000000000e+04
4.070700000000000000e+04
4.074500000000000000e+04
4.078300000000000000e+04
4.082200000000000000e+04
4.086200000000000000e+04
4.090200000000000000e+04
4.094300000000000000e+04
4.098500000000000000e+04
4.102800000000000000e+04
4.107300000000000000e+04
4.111600000000000000e+04
4.116000000000000000e+04
4.120100000000000000e+04
4.124100000000000000e+04
4.128100000000000000e+04
4.132000000000000000e+04
4.135800000000000000e+04
4.139500000000000000e+04
4.143200000000000000e+04
4.146800000000000000e+04
4.150300000000000000e+04
4.153900000000000000e+04
4.157400000000000000e+04
4.160900000000000000e+04
4.164400000000000000e+04
4.167900000000000000e+04
4.171400000000000000e+04
4.174800000000000000e+04
4.178200000000000000e+04
4.181600000000000000e+04
4.185000000000000000e+04
4.188400000000000000e+04
4.191800000000000000e+04
4.195200000000000000e+04
4.198600000000000000e+04
4.202000000000000000e+04
4.205500000000000000e+04
4.209000000000000000e+04
4.212500000000000000e+04
4.215900000000000000e+04
4.219400000000000000e+04
4.223000000000000000e+04
4.226600000000000000e+04
4.230200000000000000e+04
4.233900000000000000e+04
4.237600000000000000e+04
4.241400000000000000e+04
4.245200000000000000e+04
4.249100000000000000e+04
4.253100000000000000e+04
4.257100000000000000e+04
4.261300000000000000e+04
4.265500000000000000e+04
4.269900000000000000e+04
4.274400000000000000e+04
4.279000000000000000e+04
4.283900000000000000e+04
4.289000000000000000e+04
4.294300000000000000e+04
4.299800000000000000e+04
4.305600000000000000e+04
4.311800000000000000e+04
4.318500000000000000e+04
4.325800000000000000e+04
4.333500000000000000e+04
4.341400000000000000e+04
4.349600000000000000e+04
4.358400000000000000e+04
4.367500000000000000e+04
4.376200000000000000e+04
4.384400000000000000e+04
4.392200000000000000e+04
4.399600000000000000e+04
4.406700000000000000e+04
4.413500000000000000e+04
4.419900000000000000e+04
4.426000000000000000e+04
4.431800000000000000e+04
4.437300000000000000e+04
4.442700000000000000e+04
4.447800000000000000e+04
4.452800000000000000e+04
4.457600000000000000e+04
4.462200000000000000e+04
4.466600000000000000e+04
4.470900000000000000e+04
4.475000000000000000e+04
4.479000000000000000e+04
4.482900000000000000e+04
4.486700000000000000e+04
4.490400000000000000e+04
4.494100000000000000e+04
4.497600000000000000e+04
4.500900000000000000e+04
4.504100000000000000e+04
4.507200000000000000e+04
4.510200000000000000e+04
4.513100000000000000e+04
4.515900000000000000e+04
4.518600000000000000e+04
4.521200000000000000e+04
4.523700000000000000e+04
4.526200000000000000e+04
4.528600000000000000e+04
4.530900000000000000e+04
4.533200000000000000e+04
4.535400000000000000e+04
4.537600000000000000e+04
4.539800000000000000e+04
4.541900000000000000e+04
4.544000000000000000e+04
4.546100000000000000e+04
4.548100000000000000e+04
4.550100000000000000e+04
4.552100000000000000e+04
4.554000000000000000e+04
4.555900000000000000e+04
4.557800000000000000e+04
4.559700000000000000e+04
4.561600000000000000e+04
4.563500000000000000e+04
4.565300000000000000e+04
4.567100000000000000e+04
4.568900000000000000e+04
4.570700000000000000e+04
4.572500000000000000e+04
4.574300000000000000e+04
4.576100000000000000e+04
4.577900000000000000e+04
4.579700000000000000e+04
4.581500000000000000e+04
4.583300000000000000e+04
4.585100000000000000e+04
4.586900000000000000e+04
4.588700000000000000e+04
4.590500000000000000e+04
4.592300000000000000e+04
4.594100000000000000e+04
4.595900000000000000e+04
4.597700000000000000e+04
4.599500000000000000e+04
4.601300000000000000e+04
4.603200000000000000e+04
4.605100000000000000e+04
4.607000000000000000e+04
4.608900000000000000e+04
4.610800000000000000e+04
4.612700000000000000e+04
4.614700000000000000e+04
4.616700000000000000e+04
4.618700000000000000e+04
4.620800000000000000e+04
4.622900000000000000e+04
4.625100000000000000e+04
4.627300000000000000e+04
4.629600000000000000e+04
4.631900000000000000e+04
4.634300000000000000e+04
4.636800000000000000e+04
4.639300000000000000e+04
4.642000000000000000e+04
4.644700000000000000e+04
4.647400000000000000e+04
4.650100000000000000e+04
4.652800000000000000e+04
4.655500000000000000e+04
4.658300000000000000e+04
4.661100000000000000e+04
4.664000000000000000e+04
4.666900000000000000e+04
4.669900000000000000e+04
4.672900000000000000e+04
4.676000000000000000e+04
4.679100000000000000e+04
4.682300000000000000e+04
4.685600000000000000e+04
4.688900000000000000e+04
4.692300000000000000e+04
4.695800000000000000e+04
4.699400000000000000e+04
4.703100000000000000e+04
4.706900000000000000e+04
4.710900000000000000e+04
4.715000000000000000e+04
4.719200000000000000e+04
4.723600000000000000e+04
4.727900000000000000e+04
4.732000000000000000e+04
4.736000000000000000e+04
4.739900000000000000e+04
4.743600000000000000e+04
4.747200000000000000e+04
4.750800000000000000e+04
4.754200000000000000e+04
4.757600000000000000e+04
4.760900000000000000e+04
4.764100000000000000e+04
4.767200000000000000e+04
4.770300000000000000e+04
4.773400000000000000e+04
4.776400000000000000e+04
4.779400000000000000e+04
4.782300000000000000e+04
4.785200000000000000e+04
4.788000000000000000e+04
4.790700000000000000e+04
4.793300000000000000e+04
4.795800000000000000e+04
4.798300000000000000e+04
4.800800000000000000e+04
4.803200000000000000e+04
4.805600000000000000e+04
4.808000000000000000e+04
4.810400000000000000e+04
4.812700000000000000e+04
4.815000000000000000e+04
4.817300000000000000e+04
4.819500000000000000e+04
4.821700000000000000e+04
4.823900000000000000e+04
4.826100000000000000e+04
4.828300000000000000e+04
4.830500000000000000e+04
4.832700000000000000e+04
4.834900000000000000e+04
4.837100000000000000e+04
4.839300000000000000e+04
4.841600000000000000e+04
4.843900000000000000e+04
4.846200000000000000e+04
4.848500000000000000e+04
4.850800000000000000e+04
4.853200000000000000e+04
4.855600000000000000e+04
4.858000000000000000e+04
4.860500000000000000e+04
4.863000000000000000e+04
4.865600000000000000e+04
4.868200000000000000e+04
4.870900000000000000e+04
4.873700000000000000e+04
4.876600000000000000e+04
4.879600000000000000e+04
4.882600000000000000e+04
4.885700000000000000e+04
4.888900000000000000e+04
4.892200000000000000e+04
4.895600000000000000e+04
4.899100000000000000e+04
4.902700000000000000e+04
4.906300000000000000e+04
4.909900000000000000e+04
4.913600000000000000e+04
4.917300000000000000e+04
4.921100000000000000e+04
4.924900000000000000e+04
4.928700000000000000e+04
4.932700000000000000e+04
4.936800000000000000e+04
4.940900000000000000e+04
4.944800000000000000e+04
4.948500000000000000e+04
4.952100000000000000e+04
4.955600000000000000e+04
4.959000000000000000e+04
4.962200000000000000e+04
4.965300000000000000e+04
4.968400000000000000e+04
4.971400000000000000e+04
4.974300000000000000e+04
4.977200000000000000e+04
4.980100000000000000e+04
4.982900000000000000e+04
4.985700000000000000e+04
4.988400000000000000e+04
4.991100000000000000e+04
4.993800000000000000e+04
4.996400000000000000e+04
4.999000000000000000e+04
5.001600000000000000e+04
5.004200000000000000e+04
5.006800000000000000e+04
5.009400000000000000e+04
5.012000000000000000e+04
5.014500000000000000e+04
5.017000000000000000e+04
5.019400000000000000e+04
5.021800000000000000e+04
5.024200000000000000e+04
5.026600000000000000e+04
5.029000000000000000e+04
5.031400000000000000e+04
5.033700000000000000e+04
5.036000000000000000e+04
5.038300000000000000e+04
5.040600000000000000e+04
5.042900000000000000e+04
5.045200000000000000e+04
5.047500000000000000e+04
5.049800000000000000e+04
5.052100000000000000e+04
5.054500000000000000e+04
5.056800000000000000e+04
5.059200000000000000e+04
5.061600000000000000e+04
5.064000000000000000e+04
5.066400000000000000e+04
5.068900000000000000e+04
5.071400000000000000e+04
5.074000000000000000e+04
5.076600000000000000e+04
5.079300000000000000e+04
5.082000000000000000e+04
5.084800000000000000e+04
5.087700000000000000e+04
5.090700000000000000e+04
5.093800000000000000e+04
5.097000000000000000e+04
5.100300000000000000e+04
5.103700000000000000e+04
5.107200000000000000e+04
5.110800000000000000e+04
5.114500000000000000e+04
5.118300000000000000e+04
5.122300000000000000e+04
5.126500000000000000e+04
5.130900000000000000e+04
5.135500000000000000e+04
5.140200000000000000e+04
5.144800000000000000e+04
5.149300000000000000e+04
5.153700000000000000e+04
5.158000000000000000e+04
5.162300000000000000e+04
5.166500000000000000e+04
5.170600000000000000e+04
5.174600000000000000e+04
5.178600000000000000e+04
5.182500000000000000e+04
5.186400000000000000e+04
5.190200000000000000e+04
5.194000000000000000e+04
5.197800000000000000e+04
5.201600000000000000e+04
5.205400000000000000e+04
5.209100000000000000e+04
5.212800000000000000e+04
5.216500000000000000e+04
5.220200000000000000e+04
5.223800000000000000e+04
5.227400000000000000e+04
5.230900000000000000e+04
5.234400000000000000e+04
5.237900000000000000e+04
5.241400000000000000e+04
5.244800000000000000e+04
5.248200000000000000e+04
5.251600000000000000e+04
5.255000000000000000e+04
5.258200000000000000e+04
5.261300000000000000e+04
5.264400000000000000e+04
5.267400000000000000e+04
5.270400000000000000e+04
5.273200000000000000e+04
5.276000000000000000e+04
5.278800000000000000e+04
5.281500000000000000e+04
5.284200000000000000e+04
5.286800000000000000e+04
5.289400000000000000e+04
5.292000000000000000e+04
5.294500000000000000e+04
5.297000000000000000e+04
5.299500000000000000e+04
5.302000000000000000e+04
5.304400000000000000e+04
5.306800000000000000e+04
5.309200000000000000e+04
5.311600000000000000e+04
5.314000000000000000e+04
5.316400000000000000e+04
5.318800000000000000e+04
5.321200000000000000e+04
5.323500000000000000e+04
5.325800000000000000e+04
5.328200000000000000e+04
5.330500000000000000e+04
5.332800000000000000e+04
5.335100000000000000e+04
5.337400000000000000e+04
5.339800000000000000e+04
5.342200000000000000e+04
5.344600000000000000e+04
5.347000000000000000e+04
5.349400000000000000e+04
5.351800000000000000e+04
5.354200000000000000e+04
5.356600000000000000e+04
5.359100000000000000e+04
5.361600000000000000e+04
5.364100000000000000e+04
5.366600000000000000e+04
5.369100000000000000e+04
5.371700000000000000e+04
5.374300000000000000e+04
5.377000000000000000e+04
5.379700000000000000e+04
5.382400000000000000e+04
5.385200000000000000e+04
5.388100000000000000e+04
5.391000000000000000e+04
5.394000000000000000e+04
5.397000000000000000e+04
5.400100000000000000e+04
5.403300000000000000e+04
5.406600000000000000e+04
5.410000000000000000e+04
5.413600000000000000e+04
5.417200000000000000e+04
5.420900000000000000e+04
5.424600000000000000e+04
5.428400000000000000e+04
5.432300000000000000e+04
5.436300000000000000e+04
5.440300000000000000e+04
5.444500000000000000e+04
5.448800000000000000e+04
5.453200000000000000e+04
5.457700000000000000e+04
5.462300000000000000e+04
5.467000000000000000e+04
5.471900000000000000e+04
5.477000000000000000e+04
5.482200000000000000e+04
5.487600000000000000e+04
5.493300000000000000e+04
5.499200000000000000e+04
5.505200000000000000e+04
5.511100000000000000e+04
5.517000000000000000e+04
5.522800000000000000e+04
5.528600000000000000e+04
5.534400000000000000e+04
5.540200000000000000e+04
5.545900000000000000e+04
5.551700000000000000e+04
5.557500000000000000e+04
5.563300000000000000e+04
5.569100000000000000e+04
5.574900000000000000e+04
5.580700000000000000e+04
5.586200000000000000e+04
5.591600000000000000e+04
5.596800000000000000e+04
5.601900000000000000e+04
5.606800000000000000e+04
5.611600000000000000e+04
5.616200000000000000e+04
5.620700000000000000e+04
5.625100000000000000e+04
5.629400000000000000e+04
5.633600000000000000e+04
5.637700000000000000e+04
5.641700000000000000e+04
5.645800000000000000e+04
5.649800000000000000e+04
5.653800000000000000e+04
5.657900000000000000e+04
5.661900000000000000e+04
5.666000000000000000e+04
5.670200000000000000e+04
5.674500000000000000e+04
5.678900000000000000e+04
5.683400000000000000e+04
5.688000000000000000e+04
5.692800000000000000e+04
5.697700000000000000e+04
5.702700000000000000e+04
5.707700000000000000e+04
5.712800000000000000e+04
5.718200000000000000e+04
5.723700000000000000e+04
5.729300000000000000e+04
5.735200000000000000e+04
5.741300000000000000e+04
5.747300000000000000e+04
5.753200000000000000e+04
5.759100000000000000e+04
5.764900000000000000e+04
5.770300000000000000e+04
5.775900000000000000e+04
5.781500000000000000e+04
5.787100000000000000e+04
5.792600000000000000e+04
5.798100000000000000e+04
5.803800000000000000e+04
5.809500000000000000e+04
5.815400000000000000e+04
5.821400000000000000e+04
5.827600000000000000e+04
5.834000000000000000e+04
5.840500000000000000e+04
5.847000000000000000e+04
5.853400000000000000e+04
5.859600000000000000e+04
5.865700000000000000e+04
5.871700000000000000e+04
5.877500000000000000e+04
5.883100000000000000e+04
5.888600000000000000e+04
5.893900000000000000e+04
5.899100000000000000e+04
5.904300000000000000e+04
5.909300000000000000e+04
5.914300000000000000e+04
5.919200000000000000e+04
5.924000000000000000e+04
5.928700000000000000e+04
5.933500000000000000e+04
5.938200000000000000e+04
5.942900000000000000e+04
5.947500000000000000e+04
5.952100000000000000e+04
5.956800000000000000e+04
5.961600000000000000e+04
5.966400000000000000e+04
5.971200000000000000e+04
5.976100000000000000e+04
5.981100000000000000e+04
5.986200000000000000e+04
5.991400000000000000e+04
5.996700000000000000e+04
6.001800000000000000e+04
6.006900000000000000e+04
6.012000000000000000e+04
6.017100000000000000e+04
6.022200000000000000e+04
6.027400000000000000e+04
6.032500000000000000e+04
6.037600000000000000e+04
6.042700000000000000e+04
6.047800000000000000e+04
6.053200000000000000e+04
6.058700000000000000e+04
6.064100000000000000e+04
6.069400000000000000e+04
6.074800000000000000e+04
6.080300000000000000e+04
6.086100000000000000e+04
6.092100000000000000e+04
6.098200000000000000e+04
6.104300000000000000e+04
6.110500000000000000e+04
6.116800000000000000e+04
6.123200000000000000e+04
6.129900000000000000e+04
6.136700000000000000e+04
6.143600000000000000e+04
6.150800000000000000e+04
6.158100000000000000e+04
6.165500000000000000e+04
6.173400000000000000e+04
6.181500000000000000e+04
6.189700000000000000e+04
6.198200000000000000e+04
6.206800000000000000e+04
6.215800000000000000e+04
6.224700000000000000e+04
6.234100000000000000e+04
6.243300000000000000e+04
6.252900000000000000e+04
6.262200000000000000e+04
6.271400000000000000e+04
6.280700000000000000e+04
6.290100000000000000e+04
6.299600000000000000e+04
6.308600000000000000e+04
6.317300000000000000e+04
6.326100000000000000e+04
6.334900000000000000e+04
6.343600000000000000e+04
6.352400000000000000e+04
6.361300000000000000e+04
6.370200000000000000e+04
6.379300000000000000e+04
6.388300000000000000e+04
6.397200000000000000e+04
6.405900000000000000e+04
6.414400000000000000e+04
6.422900000000000000e+04
6.431100000000000000e+04
6.439100000000000000e+04
6.447000000000000000e+04
6.454600000000000000e+04
6.462000000000000000e+04
6.469000000000000000e+04
6.475600000000000000e+04
6.482000000000000000e+04
6.488300000000000000e+04
6.494300000000000000e+04
6.499900000000000000e+04
6.505400000000000000e+04
6.510600000000000000e+04
6.515700000000000000e+04
6.520600000000000000e+04
6.525300000000000000e+04
6.529800000000000000e+04
6.534100000000000000e+04
6.538200000000000000e+04
6.542200000000000000e+04
6.546000000000000000e+04
6.549700000000000000e+04
6.553300000000000000e+04
6.556800000000000000e+04
6.560100000000000000e+04
6.563400000000000000e+04
6.566600000000000000e+04
6.569700000000000000e+04
6.572700000000000000e+04
6.575600000000000000e+04
6.578400000000000000e+04
6.581200000000000000e+04
6.583900000000000000e+04
6.586500000000000000e+04
6.589100000000000000e+04
6.591700000000000000e+04
6.594200000000000000e+04
6.596600000000000000e+04
6.599000000000000000e+04
6.601400000000000000e+04
6.603700000000000000e+04
6.605900000000000000e+04
6.608100000000000000e+04
6.610300000000000000e+04
6.612400000000000000e+04
6.614500000000000000e+04
6.616600000000000000e+04
6.618600000000000000e+04
6.620600000000000000e+04
6.622600000000000000e+04
6.624600000000000000e+04
6.626600000000000000e+04
6.628500000000000000e+04
6.630400000000000000e+04
6.632300000000000000e+04
6.634200000000000000e+04
6.636100000000000000e+04
6.637900000000000000e+04
6.639700000000000000e+04
6.641500000000000000e+04
6.643300000000000000e+04
6.645100000000000000e+04
6.646900000000000000e+04
6.648700000000000000e+04
6.650500000000000000e+04
6.652300000000000000e+04
6.654100000000000000e+04
6.655900000000000000e+04
6.657700000000000000e+04
6.659500000000000000e+04
6.661300000000000000e+04
6.663100000000000000e+04
6.664900000000000000e+04
6.666700000000000000e+04
6.668500000000000000e+04
6.670300000000000000e+04
6.672100000000000000e+04
6.673900000000000000e+04
6.675700000000000000e+04
6.677500000000000000e+04
6.679400000000000000e+04
6.681300000000000000e+04
6.683200000000000000e+04
6.685100000000000000e+04
6.687000000000000000e+04
6.688900000000000000e+04
6.690900000000000000e+04
6.692900000000000000e+04
6.694900000000000000e+04
6.696900000000000000e+04
6.699000000000000000e+04
6.701100000000000000e+04
6.703200000000000000e+04
6.705400000000000000e+04
6.707600000000000000e+04
6.709800000000000000e+04
6.712100000000000000e+04
6.714400000000000000e+04
6.716700000000000000e+04
6.719000000000000000e+04
6.721400000000000000e+04
6.723800000000000000e+04
6.726200000000000000e+04
6.728700000000000000e+04
6.731100000000000000e+04
6.733500000000000000e+04
6.735900000000000000e+04
6.738300000000000000e+04
6.740700000000000000e+04
6.743100000000000000e+04
6.745500000000000000e+04
6.747900000000000000e+04
6.750300000000000000e+04
6.752700000000000000e+04
6.755100000000000000e+04
6.757500000000000000e+04
6.759900000000000000e+04
6.762300000000000000e+04
6.764700000000000000e+04
6.767100000000000000e+04
6.769500000000000000e+04
6.771900000000000000e+04
6.774300000000000000e+04
6.776700000000000000e+04
6.779100000000000000e+04
6.781500000000000000e+04
6.783900000000000000e+04
6.786300000000000000e+04
6.788700000000000000e+04
6.791000000000000000e+04
6.793300000000000000e+04
6.795700000000000000e+04
6.798100000000000000e+04
6.800400000000000000e+04
6.802800000000000000e+04
6.805200000000000000e+04
6.807600000000000000e+04
6.810000000000000000e+04
6.812400000000000000e+04
6.814800000000000000e+04
6.817200000000000000e+04
6.819500000000000000e+04
6.821800000000000000e+04
6.824100000000000000e+04
6.826400000000000000e+04
6.828700000000000000e+04
6.831000000000000000e+04
6.833200000000000000e+04
6.835400000000000000e+04
6.837600000000000000e+04
6.839800000000000000e+04
6.842100000000000000e+04
6.844300000000000000e+04
6.846600000000000000e+04
6.848900000000000000e+04
6.851200000000000000e+04
6.853500000000000000e+04
6.855800000000000000e+04
6.858100000000000000e+04
6.860500000000000000e+04
6.862900000000000000e+04
6.865300000000000000e+04
6.867800000000000000e+04
6.870300000000000000e+04
6.872800000000000000e+04
6.875400000000000000e+04
6.878000000000000000e+04
6.880600000000000000e+04
6.883200000000000000e+04
6.885800000000000000e+04
6.888500000000000000e+04
6.891200000000000000e+04
6.893900000000000000e+04
6.896600000000000000e+04
6.899300000000000000e+04
6.902000000000000000e+04
6.904700000000000000e+04
6.907400000000000000e+04
6.910100000000000000e+04
6.912800000000000000e+04
6.915500000000000000e+04
6.918200000000000000e+04
6.920800000000000000e+04
6.923400000000000000e+04
6.926000000000000000e+04
6.928500000000000000e+04
6.931000000000000000e+04
6.933500000000000000e+04
6.936000000000000000e+04
6.938500000000000000e+04
6.941000000000000000e+04
6.943500000000000000e+04
6.946000000000000000e+04
6.948500000000000000e+04
6.951000000000000000e+04
6.953500000000000000e+04
6.956000000000000000e+04
6.958600000000000000e+04
6.961200000000000000e+04
6.963800000000000000e+04
6.966500000000000000e+04
6.969200000000000000e+04
6.972000000000000000e+04
6.974900000000000000e+04
6.977800000000000000e+04
6.980600000000000000e+04
6.983400000000000000e+04
6.986200000000000000e+04
6.988900000000000000e+04
6.991600000000000000e+04
6.994300000000000000e+04
6.996900000000000000e+04
6.999500000000000000e+04
7.002100000000000000e+04
7.004700000000000000e+04
7.007200000000000000e+04
7.009700000000000000e+04
7.012200000000000000e+04
7.014700000000000000e+04
7.017200000000000000e+04
7.019700000000000000e+04
7.022200000000000000e+04
7.024700000000000000e+04
7.027200000000000000e+04
7.029700000000000000e+04
7.032200000000000000e+04
7.034700000000000000e+04
7.037200000000000000e+04
7.039800000000000000e+04
7.042400000000000000e+04
7.045000000000000000e+04
7.047600000000000000e+04
7.050200000000000000e+04
7.052900000000000000e+04
7.055600000000000000e+04
7.058300000000000000e+04
7.061100000000000000e+04
7.063900000000000000e+04
7.066800000000000000e+04
7.069700000000000000e+04
7.072700000000000000e+04
7.075800000000000000e+04
7.078900000000000000e+04
7.082200000000000000e+04
7.085500000000000000e+04
7.089000000000000000e+04
7.092600000000000000e+04
7.096300000000000000e+04
7.100100000000000000e+04
7.103900000000000000e+04
7.107900000000000000e+04
7.112000000000000000e+04
7.116200000000000000e+04
7.120500000000000000e+04
7.124900000000000000e+04
7.129400000000000000e+04
7.134100000000000000e+04
7.138900000000000000e+04
7.143900000000000000e+04
7.149100000000000000e+04
7.154500000000000000e+04
7.160100000000000000e+04
7.166000000000000000e+04
7.172000000000000000e+04
7.178100000000000000e+04
7.184400000000000000e+04
7.190900000000000000e+04
7.197700000000000000e+04
7.204700000000000000e+04
7.211900000000000000e+04
7.219400000000000000e+04
7.227200000000000000e+04
7.235300000000000000e+04
7.243600000000000000e+04
7.252400000000000000e+04
7.261600000000000000e+04
7.271100000000000000e+04
7.281100000000000000e+04
7.291600000000000000e+04
7.302700000000000000e+04
7.314300000000000000e+04
7.325600000000000000e+04
7.336700000000000000e+04
7.347500000000000000e+04
7.358200000000000000e+04
7.368700000000000000e+04
7.379000000000000000e+04
7.389300000000000000e+04
7.399500000000000000e+04
7.410200000000000000e+04
7.421100000000000000e+04
7.431900000000000000e+04
7.442800000000000000e+04
7.454400000000000000e+04
7.466100000000000000e+04
7.478500000000000000e+04
7.491100000000000000e+04
7.504800000000000000e+04
7.518300000000000000e+04
7.532700000000000000e+04
7.547300000000000000e+04
7.562500000000000000e+04
7.578700000000000000e+04
7.594000000000000000e+04
7.608600000000000000e+04
7.622600000000000000e+04
7.636000000000000000e+04
7.648900000000000000e+04
7.661300000000000000e+04
7.673200000000000000e+04
7.684600000000000000e+04
7.695700000000000000e+04
7.706400000000000000e+04
7.716600000000000000e+04
7.726500000000000000e+04
7.736000000000000000e+04
7.745200000000000000e+04
7.754200000000000000e+04
7.762800000000000000e+04
7.771200000000000000e+04
7.779300000000000000e+04
7.787100000000000000e+04
7.794800000000000000e+04
7.802200000000000000e+04
7.809200000000000000e+04
7.815800000000000000e+04
7.822000000000000000e+04
7.827800000000000000e+04
7.833300000000000000e+04
7.838500000000000000e+04
7.843500000000000000e+04
7.848400000000000000e+04
7.853000000000000000e+04
7.857400000000000000e+04
7.861700000000000000e+04
7.865900000000000000e+04
7.869900000000000000e+04
7.873800000000000000e+04
7.877500000000000000e+04
7.881100000000000000e+04
7.884600000000000000e+04
7.888000000000000000e+04
7.891300000000000000e+04
7.894500000000000000e+04
7.897600000000000000e+04
7.900700000000000000e+04
7.903700000000000000e+04
7.906600000000000000e+04
7.909400000000000000e+04
7.912200000000000000e+04
7.914900000000000000e+04
7.917500000000000000e+04
7.920100000000000000e+04
7.922600000000000000e+04
7.925100000000000000e+04
7.927500000000000000e+04
7.929900000000000000e+04
7.932200000000000000e+04
7.934500000000000000e+04
7.936700000000000000e+04
7.938900000000000000e+04
7.941000000000000000e+04
7.943100000000000000e+04
7.945200000000000000e+04
7.947200000000000000e+04
7.949200000000000000e+04
7.951200000000000000e+04
7.953100000000000000e+04
7.955000000000000000e+04
7.956900000000000000e+04
7.958800000000000000e+04
7.960600000000000000e+04
7.962400000000000000e+04
7.964200000000000000e+04
7.966000000000000000e+04
7.967700000000000000e+04
7.969400000000000000e+04
7.971100000000000000e+04
7.972800000000000000e+04
7.974500000000000000e+04
7.976100000000000000e+04
7.977700000000000000e+04
7.979300000000000000e+04
7.980900000000000000e+04
7.982500000000000000e+04
7.984100000000000000e+04
7.985700000000000000e+04
7.987200000000000000e+04
7.988700000000000000e+04
7.990200000000000000e+04
7.991700000000000000e+04
7.993200000000000000e+04
7.994700000000000000e+04
7.996200000000000000e+04
7.997700000000000000e+04
7.999200000000000000e+04
8.000700000000000000e+04
8.002100000000000000e+04
8.003500000000000000e+04
8.004900000000000000e+04
8.006300000000000000e+04
8.007700000000000000e+04
8.009100000000000000e+04
8.010500000000000000e+04
8.011900000000000000e+04
8.013300000000000000e+04
8.014700000000000000e+04
8.016100000000000000e+04
8.017500000000000000e+04
8.018900000000000000e+04
8.020300000000000000e+04
8.021700000000000000e+04
8.023100000000000000e+04
8.024500000000000000e+04
8.025900000000000000e+04
8.027300000000000000e+04
8.028700000000000000e+04
8.030100000000000000e+04
8.031500000000000000e+04
8.032900000000000000e+04
8.034300000000000000e+04
8.035700000000000000e+04
8.037100000000000000e+04
8.038500000000000000e+04
8.039900000000000000e+04
8.041300000000000000e+04
8.042700000000000000e+04
8.044100000000000000e+04
8.045600000000000000e+04
8.047100000000000000e+04
8.048600000000000000e+04
8.050100000000000000e+04
8.051600000000000000e+04
8.053100000000000000e+04
8.054600000000000000e+04
8.056100000000000000e+04
8.057600000000000000e+04
8.059100000000000000e+04
8.060600000000000000e+04
8.062200000000000000e+04
8.063800000000000000e+04
8.065400000000000000e+04
8.067000000000000000e+04
8.068600000000000000e+04
8.070200000000000000e+04
8.071800000000000000e+04
8.073400000000000000e+04
8.075100000000000000e+04
8.076800000000000000e+04
8.078500000000000000e+04
8.080200000000000000e+04
8.081900000000000000e+04
8.083700000000000000e+04
8.085500000000000000e+04
8.087300000000000000e+04
8.089100000000000000e+04
8.090900000000000000e+04
8.092700000000000000e+04
8.094600000000000000e+04
8.096500000000000000e+04
8.098400000000000000e+04
8.100300000000000000e+04
8.102200000000000000e+04
8.104100000000000000e+04
8.106000000000000000e+04
8.108000000000000000e+04
8.110000000000000000e+04
8.112000000000000000e+04
8.114000000000000000e+04
8.116000000000000000e+04
8.118100000000000000e+04
8.120200000000000000e+04
8.122300000000000000e+04
8.124400000000000000e+04
8.126600000000000000e+04
8.128800000000000000e+04
8.131000000000000000e+04
8.133200000000000000e+04
8.135500000000000000e+04
8.137800000000000000e+04
8.140100000000000000e+04
8.142500000000000000e+04
8.144900000000000000e+04
8.147300000000000000e+04
8.149800000000000000e+04
8.152300000000000000e+04
8.154900000000000000e+04
8.157500000000000000e+04
8.160200000000000000e+04
8.162900000000000000e+04
8.165700000000000000e+04
8.168500000000000000e+04
8.171400000000000000e+04
8.174300000000000000e+04
8.177300000000000000e+04
8.180300000000000000e+04
8.183400000000000000e+04
8.186600000000000000e+04
8.189800000000000000e+04
8.193100000000000000e+04
8.196500000000000000e+04
8.200000000000000000e+04
8.203600000000000000e+04
8.207300000000000000e+04
8.211100000000000000e+04
8.215000000000000000e+04
8.219000000000000000e+04
8.223000000000000000e+04
8.227100000000000000e+04
8.231300000000000000e+04
8.235500000000000000e+04
8.239700000000000000e+04
8.243900000000000000e+04
8.248100000000000000e+04
8.252400000000000000e+04
8.256800000000000000e+04
8.261200000000000000e+04
8.265800000000000000e+04
8.270500000000000000e+04
8.275300000000000000e+04
8.280300000000000000e+04
8.285400000000000000e+04
8.290700000000000000e+04
8.296200000000000000e+04
8.301900000000000000e+04
8.307800000000000000e+04
8.313800000000000000e+04
8.319900000000000000e+04
8.326200000000000000e+04
8.332700000000000000e+04
8.339400000000000000e+04
8.346300000000000000e+04
8.353400000000000000e+04
8.360700000000000000e+04
8.368200000000000000e+04
8.376000000000000000e+04
8.384100000000000000e+04
8.392400000000000000e+04
8.400900000000000000e+04
8.409800000000000000e+04
8.419100000000000000e+04
8.428700000000000000e+04
8.438700000000000000e+04
8.449100000000000000e+04
8.459900000000000000e+04
8.471000000000000000e+04
8.482400000000000000e+04
8.494100000000000000e+04
8.506000000000000000e+04
8.518200000000000000e+04
8.530100000000000000e+04
8.542000000000000000e+04
8.553900000000000000e+04
8.565400000000000000e+04
8.576600000000000000e+04
8.587300000000000000e+04
8.597600000000000000e+04
8.607400000000000000e+04
8.616900000000000000e+04
8.626000000000000000e+04
8.634700000000000000e+04
8.643000000000000000e+04
8.650900000000000000e+04
8.658400000000000000e+04
8.665600000000000000e+04
8.672500000000000000e+04
8.679200000000000000e+04
8.685700000000000000e+04
8.691900000000000000e+04
8.697800000000000000e+04
8.703400000000000000e+04
8.708900000000000000e+04
8.714200000000000000e+04
8.719300000000000000e+04
8.724200000000000000e+04
8.729000000000000000e+04
8.733700000000000000e+04
8.738300000000000000e+04
8.742700000000000000e+04
8.746900000000000000e+04
8.751000000000000000e+04
8.755100000000000000e+04
8.759000000000000000e+04
8.762900000000000000e+04
8.766700000000000000e+04
8.770400000000000000e+04
8.774100000000000000e+04
8.777700000000000000e+04
8.781300000000000000e+04
8.784800000000000000e+04
8.788200000000000000e+04
8.791600000000000000e+04
8.795000000000000000e+04
8.798400000000000000e+04
8.801700000000000000e+04
8.805000000000000000e+04
8.808300000000000000e+04
8.811600000000000000e+04
8.814900000000000000e+04
8.818200000000000000e+04
8.821400000000000000e+04
8.824500000000000000e+04
8.827500000000000000e+04
8.830400000000000000e+04
8.833200000000000000e+04
8.836000000000000000e+04
8.838700000000000000e+04
8.841300000000000000e+04
8.843900000000000000e+04
8.846400000000000000e+04
8.848900000000000000e+04
8.851300000000000000e+04
8.853700000000000000e+04
8.856100000000000000e+04
8.858400000000000000e+04
8.860700000000000000e+04
8.862900000000000000e+04
8.865100000000000000e+04
8.867300000000000000e+04
8.869500000000000000e+04
8.871600000000000000e+04
8.873700000000000000e+04
8.875800000000000000e+04
8.877900000000000000e+04
8.879900000000000000e+04
8.881900000000000000e+04
8.883900000000000000e+04
8.885900000000000000e+04
8.887900000000000000e+04
8.889900000000000000e+04
8.891900000000000000e+04
8.893900000000000000e+04
8.895900000000000000e+04
8.897900000000000000e+04
8.899900000000000000e+04
8.901900000000000000e+04
8.903900000000000000e+04
8.905900000000000000e+04
8.907900000000000000e+04
8.909900000000000000e+04
8.911900000000000000e+04
8.913900000000000000e+04
8.915900000000000000e+04
8.917900000000000000e+04
8.919900000000000000e+04
8.921900000000000000e+04
8.923900000000000000e+04
8.925900000000000000e+04
8.927900000000000000e+04
8.929900000000000000e+04
8.931900000000000000e+04
8.933900000000000000e+04
8.935900000000000000e+04
8.937900000000000000e+04
8.939900000000000000e+04
8.941900000000000000e+04
8.943900000000000000e+04
8.945900000000000000e+04
8.948000000000000000e+04
8.950100000000000000e+04
8.952200000000000000e+04
8.954300000000000000e+04
8.956400000000000000e+04
8.958600000000000000e+04
8.960800000000000000e+04
8.963000000000000000e+04
8.965200000000000000e+04
8.967500000000000000e+04
8.969800000000000000e+04
8.972100000000000000e+04
8.974500000000000000e+04
8.977000000000000000e+04
8.979500000000000000e+04
8.982100000000000000e+04
8.984700000000000000e+04
8.987400000000000000e+04
8.990100000000000000e+04
8.992900000000000000e+04
8.995800000000000000e+04
8.998800000000000000e+04
9.001800000000000000e+04
9.004900000000000000e+04
9.008100000000000000e+04
9.011400000000000000e+04
9.014800000000000000e+04
9.018300000000000000e+04
9.021900000000000000e+04
9.025600000000000000e+04
9.029400000000000000e+04
9.033400000000000000e+04
9.037400000000000000e+04
9.041300000000000000e+04
9.045300000000000000e+04
9.049200000000000000e+04
9.053100000000000000e+04
9.056900000000000000e+04
9.060600000000000000e+04
9.064300000000000000e+04
9.067900000000000000e+04
9.071400000000000000e+04
9.074800000000000000e+04
9.078200000000000000e+04
9.081500000000000000e+04
9.084700000000000000e+04
9.087900000000000000e+04
9.091000000000000000e+04
9.094100000000000000e+04
9.097000000000000000e+04
9.099900000000000000e+04
9.102800000000000000e+04
9.105700000000000000e+04
9.108500000000000000e+04
9.111300000000000000e+04
9.114100000000000000e+04
9.116800000000000000e+04
9.119500000000000000e+04
9.122100000000000000e+04
9.124700000000000000e+04
9.127200000000000000e+04
9.129700000000000000e+04
9.132200000000000000e+04
9.134600000000000000e+04
9.137000000000000000e+04
9.139400000000000000e+04
9.141800000000000000e+04
9.144200000000000000e+04
9.146600000000000000e+04
9.149000000000000000e+04
9.151400000000000000e+04
9.153800000000000000e+04
9.156200000000000000e+04
9.158600000000000000e+04
9.161000000000000000e+04
9.163500000000000000e+04
9.166000000000000000e+04
9.168500000000000000e+04
9.171000000000000000e+04
9.173600000000000000e+04
9.176200000000000000e+04
9.178900000000000000e+04
9.181600000000000000e+04
9.184400000000000000e+04
9.187200000000000000e+04
9.190100000000000000e+04
9.193100000000000000e+04
9.196100000000000000e+04
9.199200000000000000e+04
9.202400000000000000e+04
9.205800000000000000e+04
9.209200000000000000e+04
9.212700000000000000e+04
9.216400000000000000e+04
9.220200000000000000e+04
9.224100000000000000e+04
9.227800000000000000e+04
9.231500000000000000e+04
9.235200000000000000e+04
9.238800000000000000e+04
9.242400000000000000e+04
9.245900000000000000e+04
9.249400000000000000e+04
9.252800000000000000e+04
9.256100000000000000e+04
9.259400000000000000e+04
9.262700000000000000e+04
9.266000000000000000e+04
9.269200000000000000e+04
9.272400000000000000e+04
9.275600000000000000e+04
9.278700000000000000e+04
9.281800000000000000e+04
9.284800000000000000e+04
9.287900000000000000e+04
9.290900000000000000e+04
9.293800000000000000e+04
9.296700000000000000e+04
9.299600000000000000e+04
9.302500000000000000e+04
9.305400000000000000e+04
9.308300000000000000e+04
9.311200000000000000e+04
9.314100000000000000e+04
9.316900000000000000e+04
9.319700000000000000e+04
9.322400000000000000e+04
9.325000000000000000e+04
9.327600000000000000e+04
9.330100000000000000e+04
9.332600000000000000e+04
9.335000000000000000e+04
9.337300000000000000e+04
9.339600000000000000e+04
9.341900000000000000e+04
9.344100000000000000e+04
9.346300000000000000e+04
9.348500000000000000e+04
9.350600000000000000e+04
9.352700000000000000e+04
9.354800000000000000e+04
9.356900000000000000e+04
9.359000000000000000e+04
9.361000000000000000e+04
9.363000000000000000e+04
9.365000000000000000e+04
9.367000000000000000e+04
9.369000000000000000e+04
9.371000000000000000e+04
9.372900000000000000e+04
9.374900000000000000e+04
9.376800000000000000e+04
9.378700000000000000e+04
9.380600000000000000e+04
9.382500000000000000e+04
9.384400000000000000e+04
9.386300000000000000e+04
9.388200000000000000e+04
9.390100000000000000e+04
9.392000000000000000e+04
9.393900000000000000e+04
9.395800000000000000e+04
9.397700000000000000e+04
9.399600000000000000e+04
9.401600000000000000e+04
9.403600000000000000e+04
9.405600000000000000e+04
9.407600000000000000e+04
9.409600000000000000e+04
9.411600000000000000e+04
9.413700000000000000e+04
9.415800000000000000e+04
9.417900000000000000e+04
9.420100000000000000e+04
9.422300000000000000e+04
9.424500000000000000e+04
9.426700000000000000e+04
9.429000000000000000e+04
9.431300000000000000e+04
9.433700000000000000e+04
9.436100000000000000e+04
9.438600000000000000e+04
9.441200000000000000e+04
9.443800000000000000e+04
9.446500000000000000e+04
9.449200000000000000e+04
9.451900000000000000e+04
9.454700000000000000e+04
9.457500000000000000e+04
9.460300000000000000e+04
9.463200000000000000e+04
9.466200000000000000e+04
9.469200000000000000e+04
9.472300000000000000e+04
9.475500000000000000e+04
9.478800000000000000e+04
9.482200000000000000e+04
9.485700000000000000e+04
9.489300000000000000e+04
9.493000000000000000e+04
9.496900000000000000e+04
9.500900000000000000e+04
9.505100000000000000e+04
9.509500000000000000e+04
9.514100000000000000e+04
9.518800000000000000e+04
9.523800000000000000e+04
9.528900000000000000e+04
9.534400000000000000e+04
9.540100000000000000e+04
9.546000000000000000e+04
9.552100000000000000e+04
9.558300000000000000e+04
9.564300000000000000e+04
9.570000000000000000e+04
9.575500000000000000e+04
9.580800000000000000e+04
9.586000000000000000e+04
9.591200000000000000e+04
9.596300000000000000e+04
9.601100000000000000e+04
9.605900000000000000e+04
9.610600000000000000e+04
9.615300000000000000e+04
9.619800000000000000e+04
9.624400000000000000e+04
9.628900000000000000e+04
9.633500000000000000e+04
9.638100000000000000e+04
9.642700000000000000e+04
9.647200000000000000e+04
9.651700000000000000e+04
9.656300000000000000e+04
9.660900000000000000e+04
9.665500000000000000e+04
9.670000000000000000e+04
9.674500000000000000e+04
9.679000000000000000e+04
9.683400000000000000e+04
9.687700000000000000e+04
9.691900000000000000e+04
9.695900000000000000e+04
9.699900000000000000e+04
9.703700000000000000e+04
9.707400000000000000e+04
9.711100000000000000e+04
9.714600000000000000e+04
9.718000000000000000e+04
9.721400000000000000e+04
9.724700000000000000e+04
9.727900000000000000e+04
9.731000000000000000e+04
9.734100000000000000e+04
9.737100000000000000e+04
9.740100000000000000e+04
9.743000000000000000e+04
9.745800000000000000e+04
9.748600000000000000e+04
9.751300000000000000e+04
9.754000000000000000e+04
9.756600000000000000e+04
9.759200000000000000e+04
9.761700000000000000e+04
9.764200000000000000e+04
9.766600000000000000e+04
9.769000000000000000e+04
9.771300000000000000e+04
9.773500000000000000e+04
9.775700000000000000e+04
9.777800000000000000e+04
9.779900000000000000e+04
9.782000000000000000e+04
9.784000000000000000e+04
9.786000000000000000e+04
9.788000000000000000e+04
9.789900000000000000e+04
9.791800000000000000e+04
9.793700000000000000e+04
9.795600000000000000e+04
9.797400000000000000e+04
9.799200000000000000e+04
9.801000000000000000e+04
9.802800000000000000e+04
9.804600000000000000e+04
9.806300000000000000e+04
9.808000000000000000e+04
9.809700000000000000e+04
9.811400000000000000e+04
9.813100000000000000e+04
9.814800000000000000e+04
9.816500000000000000e+04
9.818200000000000000e+04
9.819800000000000000e+04
9.821400000000000000e+04
9.823000000000000000e+04
9.824600000000000000e+04
9.826200000000000000e+04
9.827800000000000000e+04
9.829400000000000000e+04
9.831000000000000000e+04
9.832600000000000000e+04
9.834200000000000000e+04
9.835800000000000000e+04
9.837400000000000000e+04
9.839000000000000000e+04
9.840600000000000000e+04
9.842200000000000000e+04
9.843800000000000000e+04
9.845400000000000000e+04
9.847000000000000000e+04
9.848700000000000000e+04
9.850400000000000000e+04
9.852100000000000000e+04
9.853800000000000000e+04
9.855500000000000000e+04
9.857200000000000000e+04
9.858900000000000000e+04
9.860600000000000000e+04
9.862400000000000000e+04
9.864200000000000000e+04
9.866000000000000000e+04
9.867800000000000000e+04
9.869700000000000000e+04
9.871600000000000000e+04
9.873500000000000000e+04
9.875500000000000000e+04
9.877500000000000000e+04
9.879500000000000000e+04
9.881600000000000000e+04
9.883700000000000000e+04
9.885900000000000000e+04
9.888100000000000000e+04
9.890400000000000000e+04
9.892800000000000000e+04
9.895200000000000000e+04
9.897700000000000000e+04
9.900300000000000000e+04
9.903000000000000000e+04
9.905800000000000000e+04
9.908700000000000000e+04
9.911700000000000000e+04
9.914700000000000000e+04
9.917800000000000000e+04
9.921000000000000000e+04
9.924300000000000000e+04
9.927700000000000000e+04
9.931200000000000000e+04
9.934900000000000000e+04
9.938700000000000000e+04
9.942700000000000000e+04
9.946900000000000000e+04
9.951300000000000000e+04
9.956000000000000000e+04
9.960900000000000000e+04
9.965600000000000000e+04
9.970100000000000000e+04
9.974400000000000000e+04
9.978600000000000000e+04
9.982700000000000000e+04
9.986600000000000000e+04
9.990400000000000000e+04
9.994100000000000000e+04
9.997700000000000000e+04
